rawdata/0.bmp 1 8 2 663 689
rawdata/1.bmp 1 151 76 481 543
rawdata/10.bmp 1 120 163 462 278
rawdata/100.bmp 1 6 5 680 713
rawdata/101.bmp 1 395 124 243 464
rawdata/102.bmp 1 191 9 520 724
rawdata/103.bmp 1 439 160 219 270
rawdata/104.bmp 1 228 102 333 258
rawdata/105.bmp 1 125 342 212 322
rawdata/106.bmp 1 74 7 539 559
rawdata/107.bmp 1 40 83 309 363
rawdata/108.bmp 1 260 400 170 215
rawdata/109.bmp 2 199 124 336 185 200 292 338 182
rawdata/11.bmp 1 182 22 335 618
rawdata/110.bmp 1 31 16 658 672
rawdata/111.bmp 1 150 141 373 491
rawdata/112.bmp 1 25 42 639 653
rawdata/113.bmp 1 40 24 614 608
rawdata/114.bmp 1 11 228 471 279
rawdata/115.bmp 1 300 68 365 610
rawdata/116.bmp 1 4 7 680 697
rawdata/117.bmp 1 1 0 683 705
rawdata/118.bmp 1 28 46 601 592
rawdata/119.bmp 1 106 69 425 525
rawdata/12.bmp 1 5 4 681 540
rawdata/120.bmp 1 247 212 280 400
rawdata/121.bmp 1 15 103 653 590
rawdata/122.bmp 1 127 57 471 482
rawdata/123.bmp 1 31 27 641 658
rawdata/124.bmp 1 381 14 296 643
rawdata/125.bmp 1 93 0 470 699
rawdata/126.bmp 1 38 2 587 663
rawdata/127.bmp 1 14 18 668 685
rawdata/128.bmp 1 62 37 509 618
rawdata/129.bmp 1 21 67 589 556
rawdata/13.bmp 1 28 26 644 520
rawdata/130.bmp 1 66 75 581 563
rawdata/131.bmp 1 384 184 203 211
rawdata/132.bmp 2 7 135 174 274 508 223 142 231
rawdata/133.bmp 1 65 21 303 382
rawdata/134.bmp 1 126 81 372 438
rawdata/135.bmp 1 143 245 213 187
rawdata/136.bmp 1 4 3 687 715
rawdata/137.bmp 2 71 45 170 270 230 42 138 294
rawdata/138.bmp 2 214 99 81 246 294 89 90 269
rawdata/139.bmp 1 294 157 239 265
rawdata/14.bmp 1 16 74 656 589
rawdata/140.bmp 1 79 13 578 664
rawdata/141.bmp 1 98 108 485 462
rawdata/142.bmp 1 231 19 451 584
rawdata/143.bmp 1 50 62 561 616
rawdata/144.bmp 1 173 94 359 544
rawdata/145.bmp 1 82 20 505 654
rawdata/146.bmp 1 313 294 358 395
rawdata/147.bmp 1 81 70 512 483
rawdata/148.bmp 1 196 20 285 667
rawdata/149.bmp 1 113 84 531 447
rawdata/15.bmp 1 33 98 617 520
rawdata/150.bmp 1 273 143 374 523
rawdata/151.bmp 1 214 106 228 242
rawdata/152.bmp 1 308 142 106 223
rawdata/153.bmp 1 6 21 676 669
rawdata/154.bmp 1 40 344 273 304
rawdata/155.bmp 1 3 5 690 720
rawdata/156.bmp 1 6 7 684 726
rawdata/157.bmp 1 68 145 562 529
rawdata/158.bmp 1 336 243 333 397
rawdata/159.bmp 1 157 66 354 574
rawdata/16.bmp 1 4 56 690 612
rawdata/160.bmp 1 360 224 300 285
rawdata/161.bmp 1 267 128 194 252
rawdata/162.bmp 1 5 6 684 715
rawdata/163.bmp 1 134 49 440 632
rawdata/164.bmp 1 182 92 480 621
rawdata/165.bmp 1 6 6 686 727
rawdata/166.bmp 1 16 51 663 596
rawdata/167.bmp 1 318 309 175 119
rawdata/168.bmp 1 419 74 206 514
rawdata/169.bmp 1 357 194 221 201
rawdata/17.bmp 1 425 77 203 471
rawdata/170.bmp 1 146 128 396 397
rawdata/171.bmp 1 196 141 253 131
rawdata/172.bmp 1 8 10 675 709
rawdata/173.bmp 1 28 24 325 279
rawdata/174.bmp 1 213 234 246 274
rawdata/175.bmp 1 14 262 564 383
rawdata/176.bmp 1 5 1 695 723
rawdata/177.bmp 1 43 47 613 624
rawdata/178.bmp 1 1 0 696 723
rawdata/179.bmp 1 0 7 690 720
rawdata/18.bmp 1 201 166 304 342
rawdata/180.bmp 1 237 5 470 571
rawdata/181.bmp 1 325 141 144 354
rawdata/182.bmp 1 7 4 687 718
rawdata/183.bmp 1 6 3 688 726
rawdata/184.bmp 1 19 40 657 621
rawdata/185.bmp 1 1 86 688 554
rawdata/186.bmp 1 69 9 519 685
rawdata/187.bmp 1 4 4 685 721
rawdata/188.bmp 1 105 185 173 337
rawdata/189.bmp 1 3 68 686 589
rawdata/19.bmp 1 322 319 140 183
rawdata/190.bmp 1 185 180 307 357
rawdata/191.bmp 1 4 2 688 727
rawdata/192.bmp 1 122 53 242 636
rawdata/193.bmp 1 12 11 674 694
rawdata/194.bmp 1 8 11 667 685
rawdata/195.bmp 1 222 191 372 408
rawdata/196.bmp 1 1 1 692 714
rawdata/197.bmp 1 9 3 687 708
rawdata/198.bmp 1 136 74 503 635
rawdata/199.bmp 1 37 110 623 498
rawdata/2.bmp 1 122 116 450 509
rawdata/20.bmp 1 42 373 590 307
rawdata/200.bmp 1 5 75 674 552
rawdata/201.bmp 1 34 114 616 490
rawdata/202.bmp 1 423 54 289 671
rawdata/203.bmp 1 5 3 678 723
rawdata/204.bmp 4 362 242 221 110 96 346 253 198 180 539 159 139 515 576 162 106
rawdata/205.bmp 1 82 63 521 556
rawdata/206.bmp 1 188 113 328 495
rawdata/207.bmp 1 54 45 438 653
rawdata/208.bmp 1 4 3 687 723
rawdata/209.bmp 1 118 359 519 374
rawdata/21.bmp 1 101 7 473 678
rawdata/210.bmp 1 200 230 440 207
rawdata/211.bmp 1 87 2 524 731
rawdata/212.bmp 1 241 336 409 238
rawdata/213.bmp 1 222 57 465 593
rawdata/214.bmp 1 24 14 659 645
rawdata/215.bmp 1 313 330 63 63
rawdata/216.bmp 1 72 17 569 627
rawdata/217.bmp 1 226 15 441 594
rawdata/218.bmp 1 6 162 684 571
rawdata/219.bmp 1 5 4 685 445
rawdata/22.bmp 1 4 3 683 317
rawdata/220.bmp 2 11 56 236 269 543 108 78 160
rawdata/221.bmp 1 206 351 332 374
rawdata/222.bmp 1 63 61 583 582
rawdata/223.bmp 1 182 135 395 426
rawdata/224.bmp 1 207 112 300 402
rawdata/225.bmp 1 130 2 465 702
rawdata/226.bmp 1 75 217 340 357
rawdata/227.bmp 2 255 90 177 195 241 276 190 190
rawdata/228.bmp 1 153 129 404 500
rawdata/229.bmp 1 408 0 287 578
rawdata/23.bmp 1 106 21 470 394
rawdata/230.bmp 1 132 204 486 367
rawdata/231.bmp 1 150 227 458 337
rawdata/232.bmp 1 12 70 675 597
rawdata/233.bmp 5 141 117 197 122 334 84 150 153 341 383 227 241 28 495 107 131 125 627 220 78
rawdata/234.bmp 1 190 119 448 465
rawdata/235.bmp 1 86 38 560 629
rawdata/236.bmp 1 121 112 220 504
rawdata/237.bmp 1 43 1 408 716
rawdata/238.bmp 1 153 76 278 588
rawdata/239.bmp 2 187 121 346 188 194 295 349 188
rawdata/24.bmp 1 3 93 386 525
rawdata/240.bmp 1 140 153 386 476
rawdata/241.bmp 1 129 137 218 427
rawdata/242.bmp 1 84 1 582 701
rawdata/243.bmp 1 167 93 359 507
rawdata/244.bmp 1 28 35 636 599
rawdata/245.bmp 1 15 162 230 415
rawdata/246.bmp 1 208 219 288 270
rawdata/247.bmp 1 13 50 564 582
rawdata/248.bmp 1 14 48 556 594
rawdata/249.bmp 1 8 3 667 696
rawdata/25.bmp 1 12 3 643 678
rawdata/250.bmp 1 396 99 235 498
rawdata/251.bmp 1 101 394 455 274
rawdata/252.bmp 1 91 455 338 177
rawdata/253.bmp 1 51 15 560 649
rawdata/254.bmp 1 145 137 417 442
rawdata/255.bmp 1 132 100 347 421
rawdata/256.bmp 1 6 55 692 628
rawdata/257.bmp 1 11 1 360 687
rawdata/258.bmp 1 42 57 589 595
rawdata/259.bmp 1 34 13 661 665
rawdata/26.bmp 1 15 69 613 590
rawdata/260.bmp 1 36 6 650 667
rawdata/261.bmp 1 35 9 649 665
rawdata/262.bmp 1 46 87 587 578
rawdata/263.bmp 1 89 21 481 649
rawdata/264.bmp 1 231 87 167 385
rawdata/265.bmp 1 198 123 463 494
rawdata/266.bmp 1 15 20 662 689
rawdata/267.bmp 1 25 52 649 614
rawdata/268.bmp 1 266 137 205 238
rawdata/269.bmp 1 52 112 218 264
rawdata/27.bmp 1 7 6 684 697
rawdata/270.bmp 1 246 229 196 113
rawdata/271.bmp 1 238 44 441 523
rawdata/272.bmp 1 279 195 257 325
rawdata/273.bmp 1 46 36 344 618
rawdata/274.bmp 1 19 39 653 633
rawdata/275.bmp 1 90 147 204 401
rawdata/276.bmp 2 9 135 166 252 492 185 138 227
rawdata/277.bmp 1 6 9 668 680
rawdata/278.bmp 1 47 56 518 567
rawdata/279.bmp 1 117 117 467 507
rawdata/28.bmp 1 196 45 364 407
rawdata/280.bmp 1 36 285 229 232
rawdata/281.bmp 1 56 92 530 521
rawdata/282.bmp 1 269 43 306 450
rawdata/283.bmp 1 413 222 212 221
rawdata/284.bmp 1 33 23 558 621
rawdata/285.bmp 1 141 109 379 370
rawdata/286.bmp 1 46 130 536 502
rawdata/287.bmp 1 111 138 474 308
rawdata/288.bmp 1 191 44 320 600
rawdata/289.bmp 1 9 4 684 552
rawdata/29.bmp 1 5 7 678 692
rawdata/290.bmp 1 23 34 638 515
rawdata/291.bmp 1 13 60 658 618
rawdata/292.bmp 1 29 112 632 494
rawdata/293.bmp 1 2 57 682 584
rawdata/294.bmp 1 67 132 208 397
rawdata/295.bmp 1 192 177 293 343
rawdata/296.bmp 1 232 319 128 183
rawdata/297.bmp 1 61 319 579 365
rawdata/298.bmp 1 91 6 496 686
rawdata/299.bmp 1 0 3 686 714
rawdata/3.bmp 1 425 291 232 212
rawdata/30.bmp 1 6 6 677 691
rawdata/300.bmp 1 108 18 482 673
rawdata/301.bmp 1 309 103 372 542
rawdata/302.bmp 1 27 5 649 687
rawdata/303.bmp 1 73 54 606 602
rawdata/304.bmp 1 11 6 672 694
rawdata/305.bmp 1 152 69 330 369
rawdata/306.bmp 1 7 11 672 702
rawdata/307.bmp 1 1 2 686 705
rawdata/308.bmp 1 13 14 665 674
rawdata/309.bmp 1 41 13 576 688
rawdata/31.bmp 1 10 13 669 677
rawdata/310.bmp 1 31 121 629 467
rawdata/311.bmp 1 285 26 391 649
rawdata/312.bmp 1 2 2 689 728
rawdata/313.bmp 1 63 140 567 440
rawdata/314.bmp 1 181 149 318 469
rawdata/315.bmp 1 256 100 148 175
rawdata/316.bmp 1 0 109 688 503
rawdata/317.bmp 1 7 75 681 555
rawdata/318.bmp 2 202 68 252 254 193 315 274 279
rawdata/319.bmp 2 21 4 412 562 462 68 217 440
rawdata/32.bmp 1 76 5 566 704
rawdata/320.bmp 1 108 210 417 454
rawdata/321.bmp 1 245 157 423 503
rawdata/322.bmp 1 22 4 653 712
rawdata/323.bmp 1 122 48 200 339
rawdata/324.bmp 1 13 27 660 658
rawdata/325.bmp 1 24 19 647 675
rawdata/326.bmp 1 36 119 622 547
rawdata/327.bmp 1 262 155 411 509
rawdata/328.bmp 1 130 28 438 653
rawdata/329.bmp 1 5 9 682 664
rawdata/33.bmp 1 25 87 640 509
rawdata/330.bmp 1 70 60 545 573
rawdata/331.bmp 1 45 115 598 451
rawdata/332.bmp 1 276 193 347 394
rawdata/333.bmp 1 7 150 261 515
rawdata/334.bmp 1 331 10 352 674
rawdata/335.bmp 1 31 49 591 603
rawdata/336.bmp 1 213 156 381 482
rawdata/337.bmp 1 143 88 445 554
rawdata/338.bmp 1 38 12 645 661
rawdata/339.bmp 1 414 258 166 295
rawdata/34.bmp 1 1 9 438 700
rawdata/340.bmp 1 392 147 215 444
rawdata/341.bmp 1 51 48 593 591
rawdata/342.bmp 1 176 83 346 532
rawdata/343.bmp 1 13 152 668 467
rawdata/344.bmp 1 24 123 659 447
rawdata/345.bmp 1 21 195 645 501
rawdata/346.bmp 1 16 105 640 487
rawdata/347.bmp 1 5 102 680 523
rawdata/348.bmp 1 62 142 571 427
rawdata/349.bmp 4 15 67 497 420 349 534 157 163 533 536 137 161 30 533 121 168
rawdata/35.bmp 1 3 3 687 708
rawdata/350.bmp 1 10 11 663 673
rawdata/351.bmp 1 128 54 194 308
rawdata/352.bmp 1 109 98 460 326
rawdata/353.bmp 1 8 7 670 700
rawdata/354.bmp 1 439 92 169 351
rawdata/355.bmp 1 47 65 588 514
rawdata/356.bmp 1 246 286 230 249
rawdata/357.bmp 1 11 10 668 684
rawdata/358.bmp 1 7 2 673 699
rawdata/359.bmp 1 17 87 656 535
rawdata/36.bmp 1 61 133 572 440
rawdata/360.bmp 1 205 143 263 461
rawdata/361.bmp 1 18 40 664 628
rawdata/362.bmp 1 4 0 681 722
rawdata/363.bmp 1 14 4 670 689
rawdata/364.bmp 1 4 8 685 699
rawdata/365.bmp 1 283 39 380 584
rawdata/366.bmp 1 365 148 239 290
rawdata/367.bmp 1 16 82 651 538
rawdata/368.bmp 1 86 307 160 308
rawdata/369.bmp 1 134 266 118 140
rawdata/37.bmp 1 191 126 318 506
rawdata/370.bmp 2 32 21 293 672 386 9 302 688
rawdata/371.bmp 1 170 200 313 267
rawdata/372.bmp 1 154 103 410 442
rawdata/373.bmp 2 61 25 146 400 309 24 273 607
rawdata/374.bmp 1 223 194 245 321
rawdata/375.bmp 1 186 261 260 253
rawdata/376.bmp 1 7 2 681 708
rawdata/377.bmp 1 4 4 685 729
rawdata/378.bmp 1 55 85 254 525
rawdata/379.bmp 1 2 2 520 726
rawdata/38.bmp 1 285 101 147 188
rawdata/380.bmp 1 33 156 224 289
rawdata/381.bmp 1 125 95 344 281
rawdata/382.bmp 1 366 341 210 325
rawdata/383.bmp 1 71 12 571 549
rawdata/384.bmp 1 329 93 334 362
rawdata/385.bmp 1 252 406 181 214
rawdata/386.bmp 2 147 123 342 188 149 294 375 181
rawdata/387.bmp 1 8 21 650 675
rawdata/388.bmp 1 162 156 400 466
rawdata/389.bmp 1 21 33 634 694
rawdata/39.bmp 1 1 99 687 517
rawdata/390.bmp 1 54 57 593 583
rawdata/391.bmp 1 189 210 489 316
rawdata/392.bmp 1 45 37 356 639
rawdata/393.bmp 1 6 5 682 702
rawdata/394.bmp 1 7 9 686 706
rawdata/395.bmp 1 40 55 624 597
rawdata/396.bmp 1 139 60 462 542
rawdata/397.bmp 1 178 213 263 303
rawdata/398.bmp 1 16 125 639 537
rawdata/399.bmp 1 95 69 468 457
rawdata/4.bmp 1 97 368 552 231
rawdata/40.bmp 1 0 74 683 566
rawdata/400.bmp 1 20 42 636 651
rawdata/401.bmp 1 22 15 304 629
rawdata/402.bmp 1 110 19 505 640
rawdata/403.bmp 1 59 8 597 680
rawdata/404.bmp 1 15 25 663 677
rawdata/405.bmp 1 119 81 522 595
rawdata/406.bmp 1 58 49 593 601
rawdata/407.bmp 1 45 89 589 548
rawdata/408.bmp 2 100 206 231 181 96 377 221 199
rawdata/409.bmp 2 37 235 167 203 498 165 192 229
rawdata/41.bmp 2 229 42 268 278 226 308 276 297
rawdata/410.bmp 1 328 43 297 342
rawdata/411.bmp 1 199 61 376 460
rawdata/412.bmp 3 354 427 190 159 572 97 111 148 326 236 225 183
rawdata/413.bmp 1 4 5 683 710
rawdata/414.bmp 2 309 79 146 238 457 58 163 271
rawdata/415.bmp 2 294 71 103 284 388 53 104 303
rawdata/416.bmp 1 142 177 279 226
rawdata/417.bmp 1 36 34 558 648
rawdata/418.bmp 1 103 92 495 508
rawdata/419.bmp 1 20 2 445 616
rawdata/42.bmp 2 20 131 230 371 265 10 410 572
rawdata/420.bmp 1 41 90 590 575
rawdata/421.bmp 1 173 59 355 572
rawdata/422.bmp 1 105 27 514 639
rawdata/423.bmp 1 28 304 353 379
rawdata/424.bmp 1 95 79 538 510
rawdata/425.bmp 1 212 75 312 603
rawdata/426.bmp 1 50 82 555 474
rawdata/427.bmp 1 34 136 382 517
rawdata/428.bmp 1 241 113 241 222
rawdata/429.bmp 1 273 152 111 244
rawdata/43.bmp 1 188 210 375 461
rawdata/430.bmp 1 21 3 658 696
rawdata/431.bmp 1 373 328 300 336
rawdata/432.bmp 1 7 8 677 687
rawdata/433.bmp 1 5 9 680 705
rawdata/434.bmp 1 67 152 547 509
rawdata/435.bmp 1 29 276 329 361
rawdata/436.bmp 1 157 76 377 353
rawdata/437.bmp 1 42 218 292 280
rawdata/438.bmp 1 223 135 211 247
rawdata/439.bmp 1 13 4 672 704
rawdata/44.bmp 1 33 132 405 500
rawdata/440.bmp 1 110 37 439 656
rawdata/441.bmp 1 29 24 465 674
rawdata/442.bmp 1 5 3 679 714
rawdata/443.bmp 1 15 89 660 535
rawdata/444.bmp 1 199 272 176 177
rawdata/445.bmp 1 65 113 230 424
rawdata/446.bmp 1 105 171 238 252
rawdata/447.bmp 1 145 150 404 364
rawdata/448.bmp 1 234 121 275 189
rawdata/449.bmp 1 12 16 670 692
rawdata/45.bmp 1 22 3 651 708
rawdata/450.bmp 1 336 39 336 648
rawdata/451.bmp 1 261 256 209 240
rawdata/452.bmp 1 120 251 558 401
rawdata/453.bmp 1 5 5 684 706
rawdata/454.bmp 1 27 29 634 633
rawdata/455.bmp 1 3 5 670 683
rawdata/456.bmp 1 2 11 682 694
rawdata/457.bmp 1 3 2 459 569
rawdata/458.bmp 1 215 116 158 404
rawdata/459.bmp 1 14 5 683 702
rawdata/46.bmp 1 373 71 207 322
rawdata/460.bmp 1 2 3 688 717
rawdata/461.bmp 1 7 28 668 650
rawdata/462.bmp 1 5 94 693 523
rawdata/463.bmp 1 114 3 506 693
rawdata/464.bmp 1 6 6 689 709
rawdata/465.bmp 1 411 192 181 339
rawdata/466.bmp 1 4 65 692 597
rawdata/467.bmp 1 199 195 314 310
rawdata/468.bmp 1 1 4 689 714
rawdata/469.bmp 1 308 73 256 246
rawdata/47.bmp 1 11 19 665 657
rawdata/470.bmp 1 10 10 677 678
rawdata/471.bmp 1 13 4 678 692
rawdata/472.bmp 1 131 185 353 416
rawdata/473.bmp 1 4 8 682 710
rawdata/474.bmp 1 5 3 682 715
rawdata/475.bmp 1 37 69 513 659
rawdata/476.bmp 1 33 110 623 490
rawdata/477.bmp 1 1 56 674 557
rawdata/478.bmp 1 43 115 615 499
rawdata/479.bmp 1 3 59 272 661
rawdata/48.bmp 1 10 21 665 663
rawdata/480.bmp 1 11 6 671 708
rawdata/481.bmp 4 93 235 244 123 341 351 266 190 10 576 166 110 349 527 164 164
rawdata/482.bmp 1 52 36 567 620
rawdata/483.bmp 1 156 121 366 459
rawdata/484.bmp 1 190 64 473 669
rawdata/485.bmp 1 3 4 689 727
rawdata/486.bmp 1 41 353 563 380
rawdata/487.bmp 1 55 241 431 196
rawdata/488.bmp 1 80 5 547 728
rawdata/489.bmp 1 42 309 415 300
rawdata/49.bmp 1 26 106 633 548
rawdata/490.bmp 1 7 32 481 620
rawdata/491.bmp 1 14 19 665 651
rawdata/492.bmp 1 311 321 70 89
rawdata/493.bmp 1 69 19 551 642
rawdata/494.bmp 1 40 24 427 582
rawdata/495.bmp 1 7 159 679 574
rawdata/496.bmp 1 1 4 692 450
rawdata/497.bmp 2 51 103 114 190 448 63 232 248
rawdata/498.bmp 1 125 315 375 385
rawdata/499.bmp 1 61 80 594 541
rawdata/5.bmp 1 129 321 280 180
rawdata/50.bmp 1 33 147 405 492
rawdata/500.bmp 1 125 134 407 472
rawdata/501.bmp 1 203 125 264 395
rawdata/502.bmp 1 71 17 532 654
rawdata/503.bmp 1 265 197 389 398
rawdata/504.bmp 2 240 86 207 201 223 263 236 214
rawdata/505.bmp 1 176 130 365 408
rawdata/506.bmp 1 2 1 310 577
rawdata/507.bmp 1 63 194 508 420
rawdata/508.bmp 1 71 185 498 416
rawdata/509.bmp 1 9 80 676 582
rawdata/51.bmp 1 118 38 434 630
rawdata/510.bmp 5 203 87 156 160 350 120 198 127 119 379 233 242 561 503 106 129 342 630 231 72
rawdata/511.bmp 1 24 109 496 478
rawdata/512.bmp 1 41 49 556 625
rawdata/513.bmp 1 339 139 239 520
rawdata/514.bmp 1 219 10 474 688
rawdata/515.bmp 1 241 112 309 554
rawdata/516.bmp 2 147 120 334 190 117 289 396 194
rawdata/517.bmp 1 143 142 423 473
rawdata/518.bmp 1 326 146 243 408
rawdata/519.bmp 1 6 3 636 699
rawdata/52.bmp 1 6 6 689 684
rawdata/520.bmp 1 176 54 361 609
rawdata/521.bmp 1 28 25 623 626
rawdata/522.bmp 1 437 156 237 436
rawdata/523.bmp 1 189 220 304 284
rawdata/524.bmp 1 110 42 569 601
rawdata/525.bmp 1 112 43 569 612
rawdata/526.bmp 1 3 14 684 673
rawdata/527.bmp 1 19 12 306 631
rawdata/528.bmp 1 107 394 477 299
rawdata/529.bmp 1 264 428 336 223
rawdata/53.bmp 1 48 74 562 584
rawdata/530.bmp 1 50 17 595 658
rawdata/531.bmp 1 143 119 445 460
rawdata/532.bmp 1 197 78 368 357
rawdata/533.bmp 1 2 34 705 674
rawdata/534.bmp 1 276 50 421 616
rawdata/535.bmp 1 46 51 592 586
rawdata/536.bmp 1 12 12 640 644
rawdata/537.bmp 1 14 8 623 664
rawdata/538.bmp 1 14 3 639 694
rawdata/539.bmp 1 46 89 575 575
rawdata/54.bmp 1 45 121 595 432
rawdata/540.bmp 1 106 36 518 630
rawdata/541.bmp 1 248 78 259 439
rawdata/542.bmp 1 26 104 432 520
rawdata/543.bmp 1 15 16 670 688
rawdata/544.bmp 1 45 49 626 620
rawdata/545.bmp 1 197 128 242 241
rawdata/546.bmp 1 390 68 259 317
rawdata/547.bmp 1 227 210 225 130
rawdata/548.bmp 1 6 5 455 600
rawdata/549.bmp 1 143 220 298 300
rawdata/55.bmp 1 28 170 456 462
rawdata/550.bmp 1 318 53 321 618
rawdata/551.bmp 1 11 25 648 639
rawdata/552.bmp 1 419 191 165 233
rawdata/553.bmp 2 49 193 177 205 503 134 183 222
rawdata/554.bmp 1 91 331 455 129
rawdata/56.bmp 1 418 171 283 511
rawdata/57.bmp 1 10 2 380 688
rawdata/58.bmp 1 61 70 581 540
rawdata/59.bmp 1 89 73 394 520
rawdata/6.bmp 1 64 208 209 236
rawdata/60.bmp 1 99 104 414 531
rawdata/61.bmp 1 5 11 648 706
rawdata/62.bmp 1 100 272 207 287
rawdata/63.bmp 1 80 129 235 450
rawdata/64.bmp 1 33 14 635 634
rawdata/65.bmp 1 126 79 417 528
rawdata/66.bmp 1 18 125 659 495
rawdata/67.bmp 1 4 99 676 512
rawdata/68.bmp 1 34 142 653 562
rawdata/69.bmp 1 22 97 632 516
rawdata/7.bmp 1 96 28 564 625
rawdata/70.bmp 1 0 102 683 542
rawdata/71.bmp 1 62 135 569 437
rawdata/72.bmp 4 173 62 504 429 23 534 133 178 181 553 155 136 529 536 155 170
rawdata/73.bmp 1 13 10 669 706
rawdata/74.bmp 1 368 62 210 308
rawdata/75.bmp 1 88 140 520 289
rawdata/76.bmp 1 4 10 684 680
rawdata/77.bmp 1 86 76 175 403
rawdata/78.bmp 1 32 57 612 518
rawdata/79.bmp 1 205 209 291 374
rawdata/8.bmp 1 152 90 428 408
rawdata/80.bmp 1 6 12 678 687
rawdata/81.bmp 1 14 11 672 681
rawdata/82.bmp 1 14 86 667 534
rawdata/83.bmp 1 192 151 268 480
rawdata/84.bmp 1 8 28 663 660
rawdata/85.bmp 1 3 3 689 730
rawdata/86.bmp 1 19 2 662 696
rawdata/87.bmp 1 4 3 679 718
rawdata/88.bmp 1 45 31 383 599
rawdata/89.bmp 1 98 163 249 272
rawdata/9.bmp 1 113 129 534 504
rawdata/90.bmp 1 5 61 657 574
rawdata/91.bmp 1 444 292 166 335
rawdata/92.bmp 1 435 262 110 164
rawdata/93.bmp 1 3 13 325 710
rawdata/94.bmp 1 191 171 343 322
rawdata/95.bmp 1 96 92 443 457
rawdata/96.bmp 2 92 25 346 607 460 24 171 372
rawdata/97.bmp 1 197 164 287 380
rawdata/98.bmp 1 233 275 253 244
rawdata/99.bmp 1 4 3 704 730
